Original Data Layer 0
Amount of clusters: 55
Cluster sizes: [73, 71, 65, 63, 63, 62, 61, 61, 61, 60, 60, 58, 58, 57, 56, 56, 55, 55, 55, 54, 54, 53, 52, 50, 50, 49, 49, 48, 47, 47, 44, 43, 43, 42, 42, 40, 38, 36, 33, 31, 24, 22, 21, 18, 17, 16, 16, 7, 6, 5, 5, 4, 4, 4, 3]

Original Data Global Clusters
Amount of clusters: 56
Cluster sizes: [63, 64, 59, 58, 55, 58, 53, 55, 51, 56, 52, 47, 51, 47, 42, 45, 43, 51, 47, 43, 52, 44, 44, 43, 42, 45, 38, 43, 35, 41, 40, 35, 27, 38, 38, 32, 28, 32, 30, 19, 15, 13, 11, 12, 6, 11, 14, 1, 3, 0, 2, 0, 1, 0, 0, 392]

Synthetic Data Layer 0
Amount of clusters: 55
Cluster sizes: [73, 71, 65, 63, 63, 62, 61, 61, 61, 60, 60, 58, 58, 57, 56, 56, 55, 55, 55, 54, 54, 53, 52, 50, 50, 49, 49, 48, 47, 47, 44, 43, 43, 42, 42, 40, 38, 36, 33, 31, 24, 22, 21, 18, 17, 16, 16, 7, 6, 5, 5, 4, 4, 4, 3]

Synthetic Data Global clusters
Amount of clusters: 56
Cluster sizes: [66, 61, 59, 54, 58, 53, 54, 51, 55, 55, 52, 48, 48, 46, 49, 47, 46, 45, 47, 46, 45, 44, 44, 42, 40, 41, 41, 41, 36, 41, 39, 33, 35, 35, 35, 28, 28, 26, 25, 23, 16, 11, 13, 12, 9, 9, 8, 1, 1, 1, 0, 1, 2, 1, 0, 420]

Original Data Layer 30
Amount of clusters: 56
Cluster sizes: [81, 74, 69, 68, 68, 65, 62, 62, 61, 61, 60, 60, 59, 57, 57, 55, 54, 54, 53, 53, 53, 51, 49, 48, 47, 46, 45, 45, 44, 44, 42, 42, 42, 42, 40, 38, 36, 35, 30, 28, 28, 25, 21, 19, 19, 14, 13, 11, 9, 7, 6, 5, 4, 2, 2, 2]

Synthetic Data Layer 30
Amount of clusters: 55
Cluster sizes: [65, 62, 62, 61, 60, 57, 57, 55, 55, 54, 54, 53, 51, 51, 51, 49, 49, 48, 48, 48, 48, 48, 48, 47, 46, 46, 44, 44, 43, 43, 43, 42, 42, 42, 42, 42, 40, 40, 37, 37, 35, 34, 34, 33, 32, 31, 30, 30, 19, 13, 11, 4, 3, 2, 2]

Original Data Layer 60
Amount of clusters: 61
Cluster sizes: [72, 68, 63, 61, 61, 61, 60, 59, 59, 59, 58, 58, 57, 56, 56, 54, 54, 53, 53, 53, 52, 52, 52, 51, 50, 48, 48, 47, 47, 45, 44, 43, 42, 41, 39, 37, 35, 34, 30, 29, 28, 26, 25, 24, 13, 12, 11, 10, 9, 8, 8, 8, 7, 7, 6, 6, 6, 3, 3, 3, 2]

Synthetic Data Layer 60
Amount of clusters: 65
Cluster sizes: [60, 58, 56, 53, 52, 51, 50, 50, 50, 49, 48, 47, 47, 47, 47, 47, 46, 45, 45, 45, 44, 44, 43, 43, 42, 42, 42, 41, 41, 40, 40, 40, 40, 39, 39, 38, 38, 38, 35, 35, 35, 34, 33, 33, 32, 31, 29, 29, 29, 29, 28, 26, 23, 21, 12, 9, 7, 5, 5, 5, 4, 4, 3, 2, 2]